-0.12904036546882466
0.6094896358127709
-0.13317273086452205
0.6086000787361086
-0.13523662643338644
0.6081447911101671
-0.13523662643338644
0.6081447911101671
-0.13523662643338644
0.6081447911101671
-0.13855157898694054
0.6084237635297709
-0.13958341302970373
0.6081878713641733
-0.1375193462986169
0.6086579051167463
-0.14061484545807648
0.6079502292986707
-0.13855157898694054
0.6084237635297709
-0.13855157898694054
0.6084237635297709
-0.13855157898694054
0.6084237635297709
-0.13958341302970373
0.6081878713641733
-0.13958341302970373
0.6081878713641733
-0.13958341302970373
0.6081878713641733
-0.13958341302970373
0.6081878713641733
-0.13958341302970373
0.6081878713641733
-0.13958341302970373
0.6081878713641733
-0.14164587330438463
0.6077108380170155
-0.13958341302970373
0.6081878713641733
-0.13958341302970373
0.6081878713641733
-0.14061484545807648
0.6079502292986707
-0.13855157898694054
0.6084237635297709
-0.13855157898694054
0.6084237635297709
-0.13958341302970373
0.6081878713641733
-0.13855157898694054
0.6084237635297709
-0.13855157898694054
0.6084237635297709
-0.13855157898694054
0.6084237635297709
-0.13855157898694054
0.6084237635297709
-0.13855157898694054
0.6084237635297709
-0.13855157898694054
0.6084237635297709
-0.13958341302970373
0.6081878713641733
-0.13855157898694054
0.6084237635297709
-0.13958341302970373
0.6081878713641733
-0.13855157898694054
0.6084237635297709
-0.13958341302970373
0.6081878713641733
-0.13648671793470946
0.6088902954514188
-0.1375193462986169
0.6086579051167463
-0.13523662643338644
0.6081447911101671
-0.1321402068412142
0.6088250962464287
-0.13110730261937512
0.6090483620233976
-0.1238665772836613
0.6105621206032542
-0.11051966177463485
0.6080373084027055
-0.12490205962158542
0.6103511346641357
-0.13007402117091382
0.6092698754246272
-0.13523662643338644
0.6081447911101671
-0.13317273086452205
0.6086000787361086
-0.13523662643338644
0.6081447911101671
-0.1375193462986169
0.6086579051167463
-0.13855157898694054
0.6084237635297709
-0.14370670338593866
0.6072268105654187
-0.1457658795564067
0.6067357945800232
-0.1611583030493156
0.6069695443020137
-0.16218763786328635
0.6066953077750451
-0.16218763786328635
0.6066953077750451
-0.164244904574707
0.6061415986988309
-0.16321650602518223
0.6064193256426289
-0.164244904574707
0.6061415986988309
-0.164244904574707
0.6061415986988309
-0.16630028100222236
0.6055809135784508
-0.16630028100222236
0.6055809135784508
-0.16835374349063903
0.6050132588667931
-0.17040526840679107
0.6044386410969592
-0.1714302968959935
0.6041487231287348
-0.17245483213981178
0.6038570668821873
-0.17679374422125965
0.6150967027172891
-0.1714302968959935
0.6041487231287348
-0.1714302968959935
0.6041487231287348
-0.1714302968959935
0.6041487231287348
-0.1714302968959935
0.6041487231287348
-0.1714302968959935
0.6041487231287348
-0.1714302968959935
0.6041487231287348
-0.1714302968959935
0.6041487231287348
-0.17040526840679107
0.6044386410969592
-0.17040526840679107
0.6044386410969592
-0.17040526840679107
0.6044386410969592
-0.16937974962145316
0.6047268199526982
-0.16937974962145316
0.6047268199526982
-0.16937974962145316
0.6047268199526982
-0.16835374349063903
0.6050132588667931
-0.16835374349063903
0.6050132588667931
-0.16835374349063903
0.6050132588667931
-0.16835374349063903
0.6050132588667931
-0.16835374349063903
0.6050132588667931
-0.16835374349063903
0.6050132588667931
-0.16835374349063903
0.6050132588667931
-0.16835374349063903
0.6050132588667931
-0.17040526840679107
0.6044386410969592
-0.16835374349063903
0.6050132588667931
-0.16835374349063903
0.6050132588667931
-0.17040526840679107
0.6044386410969592
-0.16835374349063903
0.6050132588667931
-0.16835374349063903
0.6050132588667931
-0.16835374349063903
0.6050132588667931
-0.16937974962145316
0.6047268199526982
-0.16937974962145316
0.6047268199526982
-0.16835374349063903
0.6050132588667931
-0.16835374349063903
0.6050132588667931
-0.16937974962145316
0.6047268199526982
-0.16835374349063903
0.6050132588667931
-0.16835374349063903
0.6050132588667931
-0.16835374349063903
0.6050132588667931
-0.16835374349063903
0.6050132588667931
-0.16835374349063903
0.6050132588667931
-0.16835374349063903
0.6050132588667931
-0.16835374349063903
0.6050132588667931
-0.16835374349063903
0.6050132588667931
-0.16835374349063903
0.6050132588667931
-0.16835374349063903
0.6050132588667931
-0.16835374349063903
0.6050132588667931
-0.16732725296641032
0.6052979570150919
-0.16732725296641032
0.6052979570150919
-0.16732725296641032
0.6052979570150919
-0.16732725296641032
0.6052979570150919
-0.16835374349063903
0.6050132588667931
-0.16732725296641032
0.6052979570150919
-0.16835374349063903
0.6050132588667931
-0.16835374349063903
0.6050132588667931
-0.16835374349063903
0.6050132588667931
-0.16835374349063903
0.6050132588667931
-0.16835374349063903
0.6050132588667931
-0.16937974962145316
0.6047268199526982
-0.16937974962145316
0.6047268199526982
-0.16937974962145316
0.6047268199526982
-0.16937974962145316
0.6047268199526982
-0.16937974962145316
0.6047268199526982
-0.16835374349063903
0.6050132588667931
-0.16937974962145316
0.6047268199526982
-0.16937974962145316
0.6047268199526982
-0.16937974962145316
0.6047268199526982
-0.16937974962145316
0.6047268199526982
-0.16937974962145316
0.6047268199526982
-0.1652728305529155
0.6058621277427368
-0.14679484001831866
0.6064876676499706
-0.09303038087983895
0.633202439921709
-0.09839729308175407
0.6323906659681472
-0.10054209779012603
0.6320532163207574
-0.12184492731168589
0.605869439513825
-0.11155088062356376
0.6078489656818492
-0.13317273086452205
0.6086000787361086
-0.13958341302970373
0.6081878713641733
-0.18096305391370837
0.613883013942948
-0.19463829229985766
0.6212221542821945
-0.16321650602518223
0.6064193256426289
-0.16321650602518223
0.6064193256426289
-0.1652728305529155
0.6058621277427368
-0.16732725296641032
0.6052979570150919
-0.17040526840679107
0.6044386410969592
-0.17887942842332738
0.6144933944123379
-0.18096305391370837
0.613883013942948
-0.1820040871472364
0.6135751738386703
-0.18408457961448568
0.6129541983195901
-0.1872013384317543
0.612009510202916
-0.19252969024930175
0.621878885453529
-0.18823918477681714
0.6116910911595923
-0.19252969024930175
0.621878885453529
-0.19252969024930175
0.621878885453529
-0.19252969024930175
0.621878885453529
-0.18823918477681714
0.6116910911595923
-0.19252969024930175
0.621878885453529
-0.18823918477681714
0.6116910911595923
-0.18823918477681714
0.6116910911595923
-0.19252969024930175
0.621878885453529
-0.19252969024930175
0.621878885453529
-0.18823918477681714
0.6116910911595923
-0.18823918477681714
0.6116910911595923
-0.1935842697683735
0.6215514140428459
-0.19463829229985766
0.6212221542821945
-0.19463829229985766
0.6212221542821945
-0.19463829229985766
0.6212221542821945
-0.19463829229985766
0.6212221542821945
-0.19463829229985766
0.6212221542821945
-0.19463829229985766
0.6212221542821945
-0.19569175481108297
0.6208911071189331
-0.19463829229985766
0.6212221542821945
-0.19569175481108297
0.6208911071189331
-0.19569175481108297
0.6208911071189331
-0.19569175481108297
0.6208911071189331
-0.19463829229985766
0.6212221542821945
-0.19463829229985766
0.6212221542821945
-0.19463829229985766
0.6212221542821945
-0.19463829229985766
0.6212221542821945
-0.19463829229985766
0.6212221542821945
-0.19463829229985766
0.6212221542821945
-0.19463829229985766
0.6212221542821945
-0.19463829229985766
0.6212221542821945
-0.1935842697683735
0.6215514140428459
-0.19463829229985766
0.6212221542821945
-0.19252969024930175
0.621878885453529
-0.19252969024930175
0.621878885453529
-0.19252969024930175
0.621878885453529
-0.19252969024930175
0.621878885453529
-0.19569175481108297
0.6208911071189331
-0.19569175481108297
0.6208911071189331
-0.1935842697683735
0.6215514140428459
-0.19674465427098928
0.6205582735055625
-0.22752405069023834
0.634435843708317
-0.22644756724624276
0.634820866632971
-0.22644756724624276
0.634820866632971
-0.22752405069023834
0.634435843708317
-0.19463829229985766
0.6212221542821945
-0.19463829229985766
0.6212221542821945
-0.1935842697683735
0.6215514140428459
-0.19252969024930175
0.621878885453529
-0.19252969024930175
0.621878885453529
-0.19463829229985766
0.6212221542821945
-0.19463829229985766
0.6212221542821945
-0.19569175481108297
0.6208911071189331
-0.19674465427098928
0.6205582735055625
-0.19674465427098928
0.6205582735055625
-0.19674465427098928
0.6205582735055625
-0.19674465427098928
0.6205582735055625
-0.19569175481108297
0.6208911071189331
-0.1935842697683735
0.6215514140428459
-0.18823918477681714
0.6116910911595923
-0.18512403286213966
0.6126410646914805
-0.1820040871472364
0.6135751738386703
-0.17992150000680668
0.6141890877610526
-0.17679374422125965
0.6150967027172891
-0.17245483213981178
0.6038570668821873
-0.17245483213981178
0.6038570668821873
-0.17245483213981178
0.6038570668821873
-0.19252969024930175
0.621878885453529
-0.1935842697683735
0.6215514140428459
-0.1935842697683735
0.6215514140428459
-0.18823918477681714
0.6116910911595923
-0.18616295346430237
0.6123261683505787
-0.17783684216155626
0.6147959330212416
-0.17679374422125965
0.6150967027172891
-0.1714302968959935
0.6041487231287348
-0.17040526840679107
0.6044386410969592
-0.16937974962145316
0.6047268199526982
-0.24885195899350687
3.4871319250326622
-0.24885195899350687
3.4871319250326622
-0.24878076527220974
3.4861342961636708
-0.24878076527220974
3.4861342961636708
0.04641970651942455
1.6093306860024512
0.06256188058227219
1.6027794365962464
0.0782313425339514
1.589075433271523
0.08901128421307318
1.588508063204113
0.09782590478148094
1.600012261220282
0.09511175756401129
1.6001758957297914
0.08923507501925465
1.5925018658240062
0.0838320352063555
1.5927954297836848
0.08113014960647497
1.5929353376993882
0.08077409408223495
1.58594442951672
0.08346412192888358
1.5858051356142597
0.08884344944515314
1.5855128600174162
0.09422175446795188
1.5852023368563717
0.0969105042005198
1.585040233547881
0.09721563772750685
1.5900309094386815
0.09451842216663835
1.5901935231475117
0.09947352972635692
1.5828774140728028
0.09947352972635692
1.5828774140728028
0.09947352972635692
1.5828774140728028
0.09593407400417842
1.5690700231024806
0.09327241500290884
1.569230493125017
0.09061048763490946
1.56938644810143
0.08963059868077596
1.5524146329683113
0.08699720030430418
1.5525644347379672
0.07994264926657961
1.5188977111574966
0.07478936334510498
1.519160174327143
0.06705783910104972
1.5195210858511767
-0.05759332345206705
1.6970229384534568
-0.06564317011628895
1.6817193191150683
-0.06849567703017383
1.6816055531235448
-0.07134798686584602
1.6814869487563548
0.09730709711966798
1.6371106504843733
0.09435710085334813
1.6342783184000065
0.09435710085334813
1.6342783184000065
0.09435710085334813
1.6342783184000065
0.09136105099642797
1.6304423360888094
0.08859529633716379
1.6305949608706742
0.08561904613439233
1.6267483552034745
0.0914169936959437
1.6314406974768487
0.09418417886901549
1.6312832851993917
0.07476285857724736
1.6312877023772552
0.045019518007988084
1.6583890896693323
0.030952922462824748
1.6587112606861263
0.02553932141030235
1.6728050303813156
0.03405139978307185
1.6726534096398888
0.042562596392379935
1.6724584754173935
0.045697930817104646
1.6833798592446794
0.04284244704958132
1.6834549522106037
0.045697930817104646
1.6833798592446794
0.045697930817104646
1.6833798592446794
0.045752203194848476
1.6853790969776294
0.045752203194848476
1.6853790969776294
0.04705475643533776
1.733361398395374
0.04705475643533776
1.733361398395374
0.04705475643533776
1.733361398395374
0.044165371087791484
1.7354380478761235
0.044165371087791484
1.7354380478761235
0.044165371087791484
1.7354380478761235
0.040651704263553703
1.7115173038536362
0.040651704263553703
1.7115173038536362
0.037461857970494644
1.698586945798767
0.03458059116701812
1.6986480465226235
0.030934264013057045
1.6577113880319754
0.021833354777754898
1.6088518266999405
-0.011425797651778426
1.683961253277409
-0.011507216397270627
1.69596094177863
-0.011534356518317992
1.699960917416734
-0.00880345739110049
1.7299776198356516
0.18802336346762533
1.6473042188652491
0.192543649171537
1.6618832298843504
0.192543649171537
1.6618832298843504
0.18972441761436634
1.662207439511694
0.1740456367374546
1.6488396195608541
0.15889697161050323
1.6383124987188469
0.14155116736635917
1.6649937776958625
0.12459873607032082
1.6663481532136064
0.10235045507045382
1.7219609364330195
0.08413188414792078
1.70893028195555
0.07833389295095274
1.7092058634728888
0.0721110672365528
1.6994707733961196
0.06634523638034324
1.6997056290002797
0.06346203046834967
1.699815721286997
0.06308894421984097
1.6898226929213613
0.06308894421984097
1.6898226929213613
0.06308894421984097
1.6898226929213613
0.059901986918361495
1.6809330414725423
0.06275316837519872
1.680829015042807
0.06560416927637436
1.6807201524716884
0.06224985061495919
1.5947855078563105
0.06495490171095152
1.5946776228171684
0.06972678054213331
1.5214030307203326
0.0748877044353112
1.5211577293411072
0.08520690720171666
1.5206146088917145
0.09251164053855318
1.472096011372338
0.11149682822349313
1.5259319676017014
0.13477807833290315
1.5240520929592887
0.44092207945314355
3.6434171158197466
0.45426781478410494
3.6498389767255324
0.46045816797680156
3.6490631782852234
0.4785002555978189
3.642706917608167
0.48467847623782223
3.641890025367234
0.4905880850127504
3.6390804919060344
0.5041634417072388
3.6463104889628104
0.5099318037171103
3.642479012860805
0.5222858964293785
3.6407281203029385
0.5228538998834269
3.6446875344125687
0.5283170264360207
3.638847407657706
0.5346339781872951
3.638935326842349
0.5346339781872951
3.638935326842349
0.13654166946326915
1.0128377366995176
0.13654166946326915
1.0128377366995176
0.13297462463306076
1.0123037121725786
0.1312066426831214
1.0689779530760946
0.13096299374945847
1.066992875697008
0.12190900218542926
1.068065212290965
0.1276719770900643
1.1901718070062874
0.10525646732611559
1.030639172431463
0.11359913940846378
1.131310812856223
0.11359913940846378
1.131310812856223
0.14769929343204177
1.4223518442026601
0.1547351330815617
1.5151191518821268
0.14959423544546524
1.5156353685934063
0.1586073639309084
1.635326489127876
0.14598190876467598
1.6194336770240143
0.13133793738722183
1.5765387405695206
0.12908184871541956
1.6509615187353786
0.12193461504305185
1.70865477853959
0.11654345497049548
1.7591437301867654
0.10942098608194581
1.7896580640577924
0.10816514337933178
1.8197882115392154
0.10991996950321722
1.903829402277821
0.1151071802602037
1.9365821849505716
0.11839192487028778
1.9363841494240992
0.11891665775217361
1.8922671411253513
0.12973758379347264
1.862486805004023
0.14876554871075684
1.8620668423905895
0.16182178836486844
1.82985867059721
0.36697419793021274
3.6546216839276293
0.43521515785194165
3.648131569526171
0.49811296832299207
3.6481511611930415
0.5347793276250873
3.6399246339674076
0.5845984342433085
3.6352947741284956
0.5907639294665106
3.634297924464499
0.6105739054513136
3.639134502635059
0.6224096334815675
3.6340852377703428
0.6400252105508345
3.6259469320420337
0.6646122217866645
3.6215209537951694
0.6936608053971941
3.640504271595808
0.7370359312018501
3.6329914895836417
0.7862660173081732
3.6226557768156895
0.827534814047883
3.6339668569376578
0.8531583763684947
3.4480175623142624
0.964363513986348
3.4206605075489938
1.0346587901800819
3.4031940337834237
1.0856046128602046
3.4040845020972568
1.1176845996185458
3.3852631424687516
1.178568632401979
3.3762037559040308
1.2240248561126268
3.377014540452563
1.2736249837915297
3.3703839343066266
1.2968233262235502
3.362598090833129
1.3196084197988582
3.353721854642701
1.4164919923065844
3.582101955701025
1.3282370359642601
3.358918024248397
1.3093123849224277
3.3609746935235805
1.2750390104655636
3.3741258621468435
1.2209579572471463
3.368553141967799
1.1435071056029518
3.386128564325997
0.9690724927936198
3.4151717621748365
0.9133454791960991
3.6123228761468495
0.833697707310808
3.632557930523246
0.741192453725728
3.6219391137871346
0.6794681000013383
3.633006996172025
0.5982247110002193
3.641184919423304
0.5155483060415891
3.6376484335811257
0.45377378327832546
3.6458696542535427
0.3719535939383382
3.6420559608160334
0.33541694164242164
3.6516277029463997
0.12967753522908693
1.5566078022641079
0.12191438170056369
1.6304483593016428
0.1053145456303117
1.6316046749422886
0.09650815283675476
1.7222982490528311
0.08503116090629587
1.7889803611050292
0.054674949750377566
1.7901652662853076
0.030395197572532093
1.7917422610985982
-0.03431599547504488
1.6856507280812563
-0.08066328406954237
1.6970840986361582
-0.2549852400852257
3.4896968399201187
-0.3288337187321072
3.4513703710739354
-0.7421464888434135
3.310840803397923
-0.6803038341269604
2.874596088276564
-0.7016872133957818
2.87768629662884
0.2677381420377691
3.664231497803562
0.2796336281003427
3.6563225294962414
0.29823594929201147
3.6548522164673427
0.3168305476421947
3.653287260775848
0.3352339950317697
3.649635994035259
0.35998875017363025
3.647277453132832
0.3859866207452604
3.6566847916172733
0.4045894083722825
3.6546732750373696
0.41698547603065833
3.6532796839851844
0.42785868574416636
3.6389329750106953
0.43403057772167164
3.6382019885088166
0.42785868574416636
3.6389329750106953
0.4349782305288404
3.646145558626746
0.4349782305288404
3.646145558626746
0.44200333865241037
3.6523517517947295
0.44068178371767014
3.6414315096632843
0.44068178371767014
3.6414315096632843
0.44068178371767014
3.6414315096632843
0.44068178371767014
3.6414315096632843
0.43450440412525604
3.642173773567781
0.44068178371767014
3.6414315096632843
0.4404414879821968
3.6394459035068225
0.4404414879821968
3.6394459035068225
0.39122873795136737
3.6470760821060746
0.3726647831754183
3.649019708558729
0.35351196285875464
3.6448968242000612
0.1069267438768239
1.4300079423577015
0.09479484692068156
1.430863369004704
0.08189791721286005
1.339498694151469
0.07498997603317807
1.2988369801530455
0.07149995208380804
1.2759983344578623
0.06933544846376223
1.2761177799378685
0.06580420315804097
1.2502694679031088
0.06646003615910667
1.2231958641224563
0.06853477558954311
1.2230813721692615
0.0702509789508681
1.1819140561349026
0.07118692164865738
1.1327653775331328
0.07119529367259311
1.0746442562103082
0.08030690674709821
1.07400179142106
0.08238696904520526
1.009644199962182
0.08042639617517068
0.909450698036982
0.08211254898632567
0.7907480988500424
0.0776712370152268
0.747978034579705
0.06773985565152092
0.6746074975474297
0.062016000558130724
0.6751577441351526
0.05607390751115376
0.6465730451085432
0.057522932295115604
0.6504614581385092
0.059729276964563316
0.6502625698414407
0.06108131305424339
0.6410967674317257
0.07209597685186374
0.7304506896578319
0.08148232070668215
0.7978499916849635
0.08283554939508263
0.7977106302261853
0.08169940325717658
0.7867694840840207
0.09103262202684771
0.8913636246153781
0.08495099143992178
0.8758900163040109
0.08049274682128013
0.8763109661055437
0.08113111959471982
0.9174196141679006
0.08144280404105861
0.9776134623828266
0.07148914459066888
0.9783916978224535
0.06591846274316936
1.0489307671457415
0.06507584868689811
1.1271228937583806
0.06296600159135807
1.1963440863578603
0.056877345832017104
1.1966490119709001
0.05484546187443156
1.2427903567823284
0.05456022376397645
1.2858429257836477
0.05655271280239965
1.3328007232047339
0.058725207895848376
1.3307048492014224
0.06528076252699472
1.37344946104467
0.07505463441303355
1.4260262008777043
0.08793238935343653
1.4793890208852305
0.09796789470624459
1.4787583547760572
0.11455752955695093
1.567820352073434
0.12892595477166902
1.6489676295503586
0.14868915577457542
1.7848172359375054
0.15474325197360744
1.784302540690111
0.3225864863498251
3.6477639076251105
0.33514253263040195
3.648640258289243
0.34272838189044325
3.6630011638634055
0.3480876175884504
3.6534552919776044
0.3543807858975392
3.6538548529729735
0.36587515805380716
3.6436765684768235
0.372055185479902
3.6430507141550272
0.3860915863802673
3.6576791945850005
0.39165537230563946
3.6510532131251767
0.40348908469132283
3.644734004588169
0.41585143993283097
3.6433442035542214
0.44746703948303834
3.645641639431505
0.45983222078537367
3.6441026389645144
0.4791514373992615
3.6476642074423635
0.49743656877393466
3.643197249214736
0.5168112257947086
3.646559447365552
0.541540927318654
3.6429689911275998
0.5656306868436439
3.635258202152729
0.5915661802317566
3.6392332601300783
0.6165787088744845
3.6371074899753575
0.641241983238773
3.632840337367468
0.6533854689255522
3.629659923697187
0.6669587635228439
3.6343074325687366
0.6729403075241259
3.6321876857871493
0.6791004052863278
3.6310409914808757
0.6861860552842555
3.6347969438028316
0.6843309987207968
3.624970521543861
0.6923505599214524
3.633627777761699
0.6923505599214524
3.633627777761699
0.6936608053971941
3.640504271595808
0.6904788380458681
3.6238045162622945
0.6904788380458681
3.6238045162622945
0.6990795915458007
3.63539420207241
0.6990795915458007
3.63539420207241
0.6923505599214524
3.633627777761699
0.6861860552842555
3.6347969438028316
0.6713007555168482
3.623338222403165
0.6582894716953754
3.6216592784702044
0.642458797369923
3.639733977481912
0.6224096334815675
3.6340852377703428
0.5972519811051383
3.635264252223316
0.5722624154587305
3.637257091817819
0.5528437557380199
3.634190508374152
0.5405116658811282
3.6360451053942806
0.5232799109379831
3.6476571539954183
0.5161095925577375
3.641608805465449
0.5037525476824513
3.6433387399852144
0.49125611241315464
3.644035780375396
0.47296343030586924
3.648471716186273
0.452538689790401
3.6359462297770166
0.42785868574416636
3.6389329750106953
0.3978478752113455
3.6503836187334286
0.36697419793021274
3.6546216839276293
0.3296713059991108
3.6571710823706876
0.09934809183077381
1.5808813774152766
0.07710040534242676
1.5661032529482086
0.05838805570961591
1.5639104878638326
0.047775711377891904
1.56427064809846
0.03523487396175472
1.5976115492039809
0.018961842300813714
1.5968874279906728
0.0054177861400258555
1.5969908129765331
-0.03879958060647076
1.6335392277704606
-0.07876420915258504
1.6571292433279055
-0.07092405388808445
1.6714959483011655
-0.26499231424139646
3.464881442501222
-0.3433890047053513
3.479094760354247
-0.42224904808603425
3.4401834684655346
-0.4961323649304035
3.4171716595257484
-0.5588294208172366
3.401399544675505
-0.6372676655263825
3.6832775207773403
-0.6164422249496048
3.3914315808208255
-0.6730958958518488
3.667749118708598
-0.6544230926341037
3.6711268159282535
-0.6277824679200951
3.7417007486894214
-0.5010558321010081
3.410388868913225
-0.3613178945334937
3.422983022905788
-0.26407724462467314
3.452916537999527
-0.20731158306010222
3.487844264628363
-0.0419507294271865
1.4543951530392902
-0.0048783821284040995
1.4379916888364312
0.037474421648943906
1.472523281247993
0.047496725651725136
1.4732345344777933
0.07502631376634734
1.4730906701816133
0.11120533699517686
1.521942654267409
0.12959451116246917
1.555611207829732
0.13009263576862065
1.561590536840461
0.1141931611779419
1.5628336509594023
0.08031056254405154
1.5258880053269217
0.04881786960669595
1.5142132519108946
0.007770450203137506
1.5269801795218338
-0.0103062868681671
1.5189650893610749
-0.04295985251061468
1.4893805690594197
-0.0646074494872291
1.522629970057572
-0.09112924671665312
1.5783714286921797
-0.23024438780225004
3.4753815331419324
-0.30584933401376685
3.458502476066916
-0.3869920379918214
3.4423150741952946
-0.5445879171831025
3.386491467346785
-0.6256313926801911
3.72887993854112
-0.5859521237783779
3.3866841242948516
-0.648519580225448
3.7483112997037185
-0.6421606077462195
3.7494059528519155
-0.6139503821288869
3.7369015882746743
-0.467538973313401
3.42422895380288
-0.3589196149767314
3.4564144784995494
-0.2597857519077731
3.4743009566197376
-0.21280032396457382
3.4805006740854796
-0.1480375413803193
3.488860789093184
-0.118442813220512
3.489990833702326
-0.0104216301583498
1.5359646580050166
0.047562015400430514
1.5572738219807805
0.07219903762748406
1.57534642797929
0.09865817218990049
1.5699029973370007
0.11481642240407355
1.6089084196991463
0.126204973963702
1.6501809627574069
0.12994155822983217
1.699038309881303
0.11987730962792831
1.6406262121167638
0.10927188286005562
1.649384323363623
0.09152889243372085
1.6334376582980845
0.06922832197703814
1.6315319464804081
0.04988211300256377
1.6332383754132616
0.022213301256083763
1.6368492458748631
0.0027546953914030854
1.6239976169545718
-0.024363871120661774
1.595813980937036
-0.05755149338317062
1.6149749247166714
-0.07117841569621329
1.6774905962151272
-0.18966880433695213
3.490851200601122
-0.2534548807312694
3.4687525287919194
-0.39033558717538563
3.4197955385367425
-0.43784651295022214
3.4231113420335264
-0.46106195557549595
3.420061797977068
-0.46159635838383956
3.424025886983862
-0.46159635838383956
3.424025886983862
-0.4267251976117432
3.4285463506465916
-0.39192325934238653
3.433705400644522
-0.35860975414078494
3.4534305026035685
-0.2715707438515951
3.473399646621017
-0.22441337963386093
3.4767649344044558
-0.14216007512220735
3.4901059763618996
-0.11915509505341709
3.5109786589680376
-0.0486686100784756
1.6872982083935428
-0.014222817929731416
1.6769397320667416
0.04003432971119272
1.6855246118259108
0.08626754209381869
1.6938045469442342
0.12833066818305625
1.7563178444115657
0.15502013271322532
1.8234223086064665
0.3360572220678289
3.658598328006728
0.3544773141188076
3.6548501104016102
0.36008696645254057
3.6482725453945415
0.3538980987596179
3.6488780912196686
0.3409583965622764
3.644083972700729
0.29823594929201147
3.6548522164673427
0.11872492581559213
1.7920715403388545
0.07970737274794885
1.73917449689517
0.04933174879213971
1.7102886484672883
0.026134679703717596
1.7118005202028463
0.005807921053397692
1.7119901607494679
-0.017006227406005995
1.670913463042935
-0.04355479169562974
1.711445886544562
-0.13162495834200205
3.5255438858841126
-0.18999432515161968
3.496842405800497
-0.28824607988585393
3.4600140735997145
-0.36904347180233776
3.4402626614689074
-0.3862100136077787
3.4353589250725687
-0.3978621680921374
3.434028947735837
-0.4034529783710723
3.4313627274090908
-0.3918098368063165
3.4327116867850487
-0.3743367113849338
3.434661045768324
-0.30584933401376685
3.458502476066916
-0.20156798217286825
3.491185930571845
-0.1253596835132838
3.5177670212042336
-0.07543006114951353
3.7052323773721114
-0.012063579577254725
1.7779590714844888
0.0029124459015729518
1.7169975375224658
0.03482483241102182
1.710645525397503
0.07325569031945285
1.7264465699068272
0.13848231707212003
1.81071217824325
0.3480876175884504
3.6534552919776044
0.37926700366020827
3.6523608851894895
0.3978478752113455
3.6503836187334286
0.41022942910233473
3.64901292286365
0.4219157237399837
3.641640057851617
0.43355675131808724
3.634230203449852
0.43972065806406735
3.6334895584207136
0.45327975177254604
3.6419003317815526
0.4589558469602096
3.6371575054470213
0.4712921799192502
3.63557957828398
0.47193498267588324
3.6405382019880275
0.4785002555978189
3.642706917608167
0.4794119287507613
3.649647265208759
0.4794119287507613
3.649647265208759
0.4794119287507613
3.649647265208759
0.47296343030586924
3.648471716186273
0.4714207588608903
3.636571444888905
0.4714207588608903
3.636571444888905
0.4648709504516383
3.634390079643778
0.46058335144544155
3.6500552388408027
0.45426781478410494
3.6498389767255324
0.44685789536468834
3.640678768501755
0.44140264227994497
3.6473880914410324
0.43545208517504286
3.650117580425596
0.43545208517504286
3.650117580425596
0.429376744630359
3.6518440475751484
0.429376744630359
3.6518440475751484
0.42855933259025675
3.644891968007743
0.42855933259025675
3.644891968007743
0.4294935098243709
3.652837134145506
0.429376744630359
3.6518440475751484
0.42867609778426863
3.6458850545781005
0.43485978098859884
3.6451526715469758
0.4473451932320142
3.6446489232599286
0.45377378327832546
3.6458696542535427
0.46045816797680156
3.6490631782852234
0.46728158713357215
3.653236587548679
0.47347768477138463
3.6524387097255877
0.4796724201022611
3.651630322975154
0.4844146215170754
3.639907412309826
0.4907217096048111
3.640071691368602
0.49743656877393466
3.643197249214736
0.5036155938924204
3.642348235716595
0.5099318037171103
3.642479012860805
0.5099318037171103
3.642479012860805
0.5161095925577375
3.641608805465449
0.5099318037171103
3.642479012860805
0.507713498808679
3.6266335036884265
0.5096545362630889
3.6404984717867626
0.5088226677905207
3.6345563763326196
0.5149870195254407
3.6336880616968026
0.5147063595395094
3.631707757724842
0.5152676460556578
3.635668129609165
0.5152676460556578
3.635668129609165
0.5159692792926289
3.640618771509268
0.5166708790738859
3.6455691773497723
0.5165305658087773
3.644579143393591
0.5103477379533944
3.6454500605878764
0.4959484317087297
3.632298217654246
0.49179051522149825
3.6479998693821893
0.48520615422685187
3.6458550151472013
0.47902120724928055
3.6466727967530965
0.4785002555978189
3.642706917608167
0.4728348820147516
3.6474800860215404
0.4706494078131396
3.6306211910201243
0.4583298997687817
3.6321969661263123
0.4582047163001417
3.6312049055707325
0.453403252287253
3.6428926032512745
0.4467360781592544
3.6396862889728894
0.4471015588211464
3.642663964202197
0.45958182399986564
3.6421182813105433
0.4666471963227816
3.648276880629772
0.4723206581997586
3.6435133289224177
0.4728348820147516
3.6474800860215404
0.476937369591896
3.630809043785517
0.476937369591896
3.630809043785517
0.48415079824879265
3.6379250355872674
0.4837550318939044
3.63495123416858
0.48467847623782223
3.641890025367234
0.4785002555978189
3.642706917608167
0.4663934641980005
3.6462931870556825
0.45327975177254604
3.6419003317815526
0.44020122089086877
3.637460534041999
0.4155112263997275
3.6403635357368787
0.3717503866321439
3.640066216953177
0.34086522307403233
3.6430881561477
0.31088736914906884
3.6568086638079844
0.12974374713087447
1.7351560717319656
0.10834641420109488
1.6354150070317248
0.09447238675707272
1.636275086541146
0.0761055020049688
1.6011923982664067
0.06373394604270839
1.5647025072937342
0.05477363429942461
1.5370243364534293
0.046951463782940156
1.5372831625673622
0.04189881585112447
1.543431430457346
0.04189881585112447
1.543431430457346
0.0478062367752616
1.5652701095768935
0.05745533564080528
1.5389277978234481
0.06952676647624283
1.5754666286293724
0.09096942542232644
1.6234533302822194
0.1076853550270976
1.6254367710036772
0.12564264672029027
1.6803091181363554
0.3172625393068813
3.658268439696586
0.32346738799896757
3.657725023102293
0.3293121915461953
3.6531872870916784
0.32302694767557233
3.652744584109565
0.31088736914906884
3.6568086638079844
0.30468409292107734
3.657330742976143
0.12771523444164826
1.927774099148137
0.09521983425509814
1.8695767180333054
0.06972988478034237
1.867698740781232
0.04369108449775934
1.839481234470377
0.022025183322895006
1.8548692574039356
0.006293045319398551
1.8549893445363084
-0.0031414384276009224
1.8519973337723212
-0.006306615053596242
1.8589892700203219
-0.0031329572304223934
1.8469973457337754
-0.003165185901025418
1.8659973718057203
-0.003165185901025418
1.8659973718057203
-0.0031482233044606693
1.8559972765195105
-0.0031567045016391983
1.8609972645580564
-0.0031567045016391983
1.8609972645580564
-0.0063371475621634985
1.8679892811722578
-0.006310007689353093
1.8599893109956271
-0.006316792556451995
1.8619892737376338
-0.006316792556451995
1.8619892737376338
-0.00629304531939844
1.8549893445363084
-0.00629983018649734
1.856989307278315
-0.00629983018649734
1.856989307278315
-0.00629643755074049
1.85598926630301
-0.0031295647919925202
1.8449973743601806
0.0031210835948139912
1.8399973863216348
0.003124476033243865
1.8419973576952295
0.0062184105680662335
1.832989396748423
0.01226034242175457
1.8069584478361973
0.018390337253076337
1.806906456820224
0.021277158666889298
1.7918737346033213
0.024601536493809868
1.8128330405741364
0.024737231549097845
1.822832110336729
-0.012470674922365626
1.8379577524036848
-0.0823563729188101
1.8661836838460812
-0.2831086195523197
3.4694682788179905
-0.33565295303988035
3.4607609108188773
-0.38203273356193035
3.4509178753724132
-0.47197698256664555
3.413525217643855
-0.4848174594499646
3.4208151811843512
-0.49033530433021627
3.4180083036067637
-0.5299616866585316
3.4060167050036183
-0.6902671974150791
3.656415166484722
-0.8212622220085082
2.8573165133688145
-1.1641583549724737
3.8059342448829483
-1.2156741517810628
3.767733832508584
-1.2765766063912014
3.8446006458566973
-1.3156380527077653
3.8314094628966933
-1.3408537858982554
3.779181519916011
-1.4226042062705324
3.863403566853619
-1.4426960726067088
3.778975212845832
-1.487463712301923
3.7615790995010334
-1.5211431826918989
3.735132173860955
-1.459935214732308
3.533258810047522
-1.4505170071516613
3.527406353492073
-1.4445315889432424
3.5298617053983246
-1.501283610960264
3.704342904179001
-1.494997992676985
3.706884113938685
-1.5464387984569865
3.8532623361020613
-1.4725066335475911
3.761016550281913
-1.44802921986203
3.7737214918699533
-1.4594108464795044
3.902009105504537
-1.2297991869052756
3.8115114950054774
-0.7841004934506852
2.8552945930069384
-0.7439221816542586
2.880486802644053
-0.7116858916235473
2.8762601659195206
-0.6607842837338795
2.879145725355539
-0.714040200076402
3.3170159524823
-0.722609647988981
3.6572966439717165
-0.6406910272302492
3.362505713537124
-0.6866031540521242
3.7059327451288575
-0.6707476730974569
3.7261097219662567
-0.6408101296033677
3.7415208681442493
-0.6090548414278479
3.7468210831442805
-0.5243355573400102
3.4078990459864147
-0.5139610649611367
3.417569405781385
-0.4961323649304035
3.4171716595257484
-0.4734835722210699
3.424421473113882
-0.43860776982340327
3.4290628957394786
-0.3464923661635682
3.4506472712219938
-0.24349249645348775
3.495529579801889
-0.17909670483555704
3.516442054918963
-0.13155033753426917
3.5235451849099495
-0.05953523431732002
3.509495047571209
0.008228433700426977
1.6169790476217467
0.013713950944552133
1.6169418279945584
0.027070721258363805
1.5957703581720795
0.04330991384710142
1.5954122073409904
0.19185312494162848
1.6559231754112402
0.19889119592213414
1.6671782626449607
0.2045459156973473
1.6664939350692938
0.20737239686178552
1.6661445784418
0.04567007085405549
1.583341472152177
0.040298358161468525
1.583487295540551
0.03761232402934807
1.5835533732368952
0.03499233021203477
1.5866141863026568
0.037683559990104025
1.5865525483440446
0.04306568652979044
1.586415577960021
0.04829467952492377
1.5812626847691198
0.05097681272939698
1.5811784905182629
0.05386231066717924
1.5870863364289647
0.05386231066717924
1.5870863364289647
0.05386231066717924
1.5870863364289647
0.05623659153028967
1.6570459922627323
0.05623659153028967
1.6570459922627323
0.05904726006671682
1.6569482175914676
0.059011644855848686
1.655948805254631
0.059011644855848686
1.655948805254631
0.059011644855848686
1.655948805254631
0.05826376363680839
1.6349622183840664
0.055490389781988114
1.6350586956859734
0.04976000413473558
1.6292402911920696
0.04662153044869898
1.6163277453745308
0.04387978190073031
1.6164045014504376
0.043608416777083686
1.6064081936202987
0.04037468134368613
1.5864863454996723
0.04037468134368613
1.5864863454996723
0.04040012341535519
1.5874860685429477
0.040705413111436065
1.5994821492087286
0.04363555458341933
1.6074078720694682
0.043744099338906994
1.6114063475353682
0.04702518174430387
1.630321983278421
0.05187905710050269
1.6091639473642307
0.052813525993937606
1.6381489316197415
0.052813525993937606
1.6381489316197415
0.05194350230387819
1.6111628830359317
0.055422549951195194
1.6330597530638793
0.055422549951195194
1.6330597530638793
0.0527168562682329
1.6351504685384977
0.053039086126393305
1.6451452660443873
0.06058926279680162
1.6228693075705656
0.06609446130497441
1.6226544211278113
0.03682242564327306
1.669593952322689
0.036800377884154654
1.6685942679009464
0.039678152738055916
1.6705288554658413
0.04251171528183138
1.6704591485015474
0.05647401880792469
1.6640419340179695
0.05633834723309898
1.6600442870551761
0.05352243091363391
1.6601374623032217
0.05064530616360142
1.6582268188337634
0.04783248089845761
1.6583103399264707
0.04783248089845761
1.6583103399264707
0.048149631805301435
1.6693056848941017
0.048149631805301435
1.6693056848941017
0.048149631805301435
1.6693056848941017
0.05011021792042912
1.7372774932963155
0.05011021792042912
1.7372774932963155
0.05011021792042912
1.7372774932963155
0.048899267470670485
1.6952948987443757
0.048899267470670485
1.6952948987443757
0.05002372096872407
1.7342787195197868
0.0470818942416734
1.7343610768445434
0.04413993204891199
1.734438444003553
0.036690131203097984
1.6635954882513095
0.03386821945665055
1.663655330279878
0.03386821945665055
1.663655330279878
0.033786804091098716
1.6596560911985216
0.033786804091098716
1.6596560911985216
0.030971578688435843
1.6597110141517384
0.0281901869470201
1.6617608482627886
0.02537139942041101
1.6618062749763045
0.022728942789700605
1.6748457348123786
0.022728942789700605
1.6748457348123786
0.0284106880095713
1.6747589895463695
0.03110218338849655
1.6667098843537171
0.03110218338849655
1.6667098843537171
0.03392928037423295
1.6666547297947467
0.03368503670390335
1.6546571317352723
0.03370539115187278
1.6556569713017601
0.036513735987709676
1.6555974169758292
0.03677832749654804
1.6675944642988958
0.036954722711936346
1.6755925355743764
0.03728546275510634
1.6905888745232867
0.03441776286224035
1.6906496875445056
0.03140070301568355
1.6827070125003598
0.028682074243785223
1.6907567202326446
0.03162459551626955
1.6947050075960157
0.034499178227792186
1.694648926625862
0.03158727861673415
1.6927052622877137
0.031717883316794857
1.6997041324896927
0.028834729758773398
1.6997554884407269
0.025829368318314724
1.691802869790389
0.026134679703717596
1.7118005202028463
0.026516318935471184
1.736797583218418
0.026516318935471184
1.736797583218418
0.02946230815066457
1.7367501065615802
0.0281732265711198
1.6607610645899842
0.030934264013057045
1.6577113880319754
0.036557834134434704
1.6575969049996222
0.04248627321016233
1.669459425458272
0.04539942788712238
1.672383872965371
0.04580647557259231
1.6873783347105793
0.04580647557259231
1.6873783347105793
0.04296965134234748
1.688453329085571
0.04003432971119272
1.6855246118259108
0.034315995475044984
1.6856507280812563
0.028529420750777964
1.6817580712167026
0.028563343524559474
1.6837577577544518
0.023624532419258968
1.7408397621231309
0.020671614560736764
1.7408773306216607
0.017515090695915645
1.720910825871217
0.014494212913740697
1.708938526821571
0.014595985906365827
1.720938059954007
0.014595985906365827
1.720938059954007
0.014383958417135634
1.6959389829260147
0.017535446198092657
1.722910815746841
0.019840474953180556
1.6708822125758447
0.025508790635721947
1.6708052891791494
0.048264962219926835
1.6733040896493834
0.07113602037696523
1.67649144852876
0.07682307008618872
1.6762404738842411
0.06857707310439405
1.6836038703363363
0.06029373301058291
1.6919259815094092
0.04299509341401654
1.6894530521288464
0.03726341499598793
1.689589190101544
0.034499178227792186
1.694648926625862
0.03468235855421349
1.703647005985873
0.03492659979821719
1.7156444848607524
0.03492659979821719
1.7156444848607524
0.03502836718541256
1.7206434443240017
0.03498766071579959
1.718643884375621
0.03498766071579959
1.718643884375621
0.03498766071579959
1.718643884375621
0.03480448038937829
1.70964580501561
0.032986597848770276
1.7676922548814062
0.03000508061909242
1.7687455679341304
0.0270048186079553
1.7687939192346687
0.029224846712213072
1.7227521816051947
0.028936498080117935
1.7057545480539749
0.028766882189229463
1.6957559961730881
0.03164325174188065
1.6957047610616276
0.03691062456521132
1.6735930475505831
0.042308187806847614
1.6624617216674586
0.047947807876026996
1.6623086255220219
0.05908287527758494
1.6579476299283045
0.0732301575390325
1.6593849427966658
0.09620159285789055
1.6662251805251043
0.1386671117184807
1.6993518112706916
0.39741449529792805
3.646407217110605
0.47219210990864097
3.642521698757685
0.5471246116808658
3.6380894614496446
0.5974140898701376
3.6362509516684702
0.6482807317198028
3.6366699238665188
0.6731224654917151
3.633170881353454
0.6977577287864305
3.62852017475211
0.7195083126807497
3.6416000597284928
0.7696853749608559
3.635414834504971
0.8127959043505147
3.6260197756270536
0.8255364600319568
3.6251914530041582
0.8314607958199001
3.6228113395167925
0.8423843271220869
3.614126366164432
0.837604760988217
3.621395769739451
0.8382807986130365
3.624318627761196
0.819826861555079
3.628537464314356
0.7936923549554314
3.627178226220543
0.7173761648747048
3.630808760391152
0.6371447593737067
3.645743733734736
0.5602239637141361
3.6411543805374667
0.4788909770992996
3.6456813860638295
0.4095591148772387
3.6430504416367246
0.3410515478399154
3.6450795518719814
0.27970987935647784
3.657319545440294
0.11013589290969357
1.7525427904796993
0.08735350160310637
1.6597027351959286
0.08735350160310637
1.6597027351959286
0.07947636224644393
1.6721123140685001
0.06478509119337766
1.6597361044191787
0.04852444963798596
1.6823002918192387
0.01724030476200959
1.6939122737845678
-0.0060759267413299945
1.7909897023318662
-0.0350202732347158
1.876673249076686
-0.12450496090710474
3.4937823164568265
-0.1659793084772578
3.49205773566737
-0.17823199682994104
3.4994641010310614
-0.1720007766169679
3.4937686069624627
-0.18994006305921204
3.4958437128889748
-0.1958695834299975
3.4955164995730272
-0.20202911204525809
3.499172765114214
-0.2132885317877874
3.4884856603210808
-0.22325396068524872
3.458802426324965
-0.27196049264915556
3.478384547853446
-0.36936345392547093
3.443245568997867
-0.3983225175787431
3.4380023173845773
-0.40927281628362533
3.4306734374842667
-0.4150914766217873
3.429974276703076
-0.42684872757340175
3.4295388587094155
-0.44390943227775764
3.424347221023626
-0.4656449836171442
3.4103574805646915
-0.4772118641644395
3.408758165771233
-0.4886312601119911
3.406129825275364
-0.5022186969163825
3.4183037976862813
-0.5138123247013038
3.416580361676553
-0.522814863998201
3.398015357351831
-0.5301154212890302
3.407004743823778
-0.5311916370142187
3.413921486732669
-0.5369817066111949
3.4130155463422334
-0.5316528775615635
3.4168858387770347
-0.519757347096372
3.4166926873466767
-0.5010558321010081
3.410388868913225
-0.46632141542024524
3.4153116287697847
-0.4440379805688753
3.425338851188359
-0.41069432373699655
3.4425890294010455
-0.37563687695697456
3.4465904876518523
-0.3416209711752673
3.461181676049396
-0.294284111949897
3.4615130654710464
-0.2076675871277723
3.4938337357774385
-0.043919757234007394
3.6987391338224267
0.006320185192208956
1.862989314712939
0.03061569661310238
1.8047402831900388
0.05498022555912275
1.8001605959920168
0.06719289740097549
1.7997461240696497
0.07724216320979672
1.7502964200378894
0.11615698666545775
1.8483537397868357
0.27387861679344044
3.662774934096259
0.3173489541194015
3.659264865502341
0.33550840404378945
3.6526234386924155
0.366774366001582
3.6526315982386786
0.39144206784336166
3.6490647661448925
0.4103411658969894
3.6500068276855107
0.4230666386154793
3.6515738372249706
0.4360443611188688
3.65508225256433
0.4484416352176901
3.653581948947852
0.45377378327832546
3.6458696542535427
0.45958182399986564
3.6421182813105433
0.4670278247593722
3.6512526574827477
0.4670278247593722
3.6512526574827477
0.4718064343847656
3.6395465718232947
0.47219210990864097
3.642521698757685
0.47296343030586924
3.648471716186273
0.4583298997687817
3.6321969661263123
0.4536502827636185
3.644877382783821
0.454144314269398
3.6488467052558105
0.44746703948303834
3.645641639431505
0.42890965601330194
3.647871464506267
0.41494419483203715
3.6353956770811275
0.39122873795136737
3.6470760821060746
0.367473742020726
3.659596542311583
0.367473742020726
3.659596542311583
0.3470442883907181
3.642504725550859
0.32796550699647087
3.638247995431455
0.30468409292107734
3.657330742976143
0.28614701808078696
3.6598307217753914
0.13550524733825153
1.9452862293015631
0.1178105839019121
1.8252018114078585
0.10542403226683998
1.8259591341173103
0.09830660047753144
1.8093313526369208
0.09355549692301868
1.7775396668268955
0.08450891304025672
1.777992728265315
0.08195071198571534
1.7881230226801716
0.07605364999415117
1.792387220551925
0.06989457319012911
1.7906364641882953
0.060781649937652026
1.790968952626775
0.04212390468370021
1.7734998588157995
0.039093510427226225
1.7725689561215763
0.036351345645278234
1.7856300365308384
0.03053088866765814
1.7997410072495954
0.027539113532410328
1.8037898074564689
0.02453368896616588
1.8078335056928398
0.02453368896616588
1.8078335056928398
0.021585866289000957
1.8178718055109064
0.02172834825427538
1.8298710435307464
0.027936019061353824
1.8297868006708229
0.03390081962841219
1.8166837503525632
0.04017392947867447
1.8215570681962014
0.04006368279761781
1.8165582885465648
0.0462260848765087
1.816411920089582
0.06271499211750879
1.8479360771204176
0.07110368292026778
1.821612774267501
0.07492604937156348
1.8394746378129243
0.07804613397889464
1.839344898870891
0.08740500455249253
1.8389239302403453
0.09338868289669827
1.8336233058724754
0.10929248487820988
1.8387547908451078
0.12176576491849693
1.8379709264840134
0.13590953567878059
1.8600412989188253
0.14526916975606244
1.899453015821505
0.29823594929201147
3.6548522164673427
0.32302694767557233
3.652744584109565
0.3293121915461953
3.6531872870916784
0.3417036512045987
3.6520490808343005
0.3666744619476211
3.651636674007011
0.3784407245145873
3.6444037742291657
0.39165537230563946
3.6510532131251767
0.4110114534863775
3.6559690719863758
0.4226062616895527
3.647600230741895
0.43485978098859884
3.6451526715469758
0.4466142319082303
3.638693572801313
0.4536502827636185
3.644877382783821
0.4661397018238005
3.644309256989751
0.4723206581997586
3.6435133289224177
0.48520615422685187
3.6458550151472013
0.4915232978906766
3.646017706738213
0.49770711569194015
3.645178719515343
0.5195878377025486
3.621920608279059
0.5408057205452279
3.6380232237025596
0.5654769522131453
3.634270163332569
0.5912452722749738
3.637259078797895
0.609250145599592
3.6312446467034625
0.609250145599592
3.6312446467034625
0.609250145599592
3.6312446467034625
0.6032536241403202
3.633259516087443
0.5844396737665557
3.6343075304109775
0.5593115404578127
3.635224120227571
0.5344886287495029
3.6379460197172913
0.49743656877393466
3.643197249214736
0.43545208517504286
3.650117580425596
0.2548193524788982
3.6581356594949552
0.18055656283647267
3.6675581554140653
0.06880537357976478
1.9307744505823166
0.0487701737646215
1.9163795767596348
0.041871730469737696
1.8985383701448544
0.0225476138929183
1.8988661853412803
0.009861907466368553
1.9379748714357323
-0.014105839108802472
2.0789521421719948
-0.03526317728059695
2.078700914625903
-0.09247760879189688
3.633823444051735
-0.10411277117113703
3.609498853258575
-0.10620555794284504
3.477378612760765
-0.10030693279256307
3.4775537603691595
-0.0952763835493415
3.5097069442934226
-0.08975543753325894
3.5268582027615736
-0.07959817732058269
3.60912224408638
-0.037230722423695614
2.1946841641210466
-0.01190759503178114
3.50997979228266
0.006710320105580793
1.9779886624858738
0.016775631326527297
1.977928905575772
0.02309379098534691
1.944862946548303
0.03282070521663345
1.934721576833708
0.04670671846816534
1.9664454003261758
0.0666834362234117
1.9648687400408444
0.0834300918930902
1.966230819035612
0.0998666578773983
2.0285431324028953
0.10365284553611956
2.105450131558875
0.18677736579339654
3.6672466117449507
0.19299763134780054
3.6669245165426685
0.2236630862552612
3.658168878582489
0.23043238246683637
3.6667665727870147
0.23665177095656426
3.666370428843858
0.23645853190560345
3.6633766378433648
0.23613646170161795
3.6583869068680537
0.23005606130330955
3.6607783438398482
0.23005606130330955
3.6607783438398482
0.19986838323184902
3.678574281132711
0.18055656283647267
3.6675581554140653
0.07956747892883498
2.038447659533416
0.05083088452054914
1.9973533298023884
0.03356701634973129
1.9787152766248943
0.013373067972897817
1.970954588041369
-0.006571228510186596
1.9369888898360186
-0.009856819131555911
1.9369749568615782
-0.009882262625481952
1.9419748873555873
-0.03431332748282912
2.0227089764160806
-0.09614475453295264
3.5416952246821785
-0.13162495834200205
3.5255438858841126
-0.14824950281552035
3.4938561702186584
-0.15532200064775106
3.5195744188117346
-0.1672611829142661
3.5190272391854682
-0.17807939987280508
3.496467963508496
-0.17741815043429313
3.4834847802806976
-0.17195160900269538
3.4927698889880254
-0.16602678195436793
3.4930565356051595
-0.15474885622968498
3.5065870479067915
-0.13682485936598524
3.5053305457879085
-0.1306549323168639
3.4995619644829414
-0.09011160833988836
3.5408536103432002
-0.06905169533903209
3.700355750442689
-0.02068022448412133
2.0318948279537246
-0.013189875593334127
1.9439552591119855
-0.00976013349066451
1.9179751494596953
0.016283726338281068
1.9199309038248276
0.03582254876406471
1.9196657470000151
0.04902458235015382
1.9263763305095696
0.055501821144390215
1.924199668503077
0.06312488913763631
1.9579826901029789
0.06644600894577668
1.9578727982856072
0.066547764648586
1.960871093078051
0.07005184652363088
1.965752214500258
0.06994500513649209
1.9627540966234152
0.06994500513649209
1.9627540966234152
0.06994500513649209
1.9627540966234152
0.073609988880895
1.9716264263859158
0.07346075171296818
1.9676291435638846
0.07679821936213131
1.9675017057545303
0.0891018305191606
2.0190347926031365
0.22980518551214332
3.6567862705247958
0.367473742020726
3.659596542311583
0.4592062437457176
3.6391418631009924
0.47902120724928055
3.6466727967530965
0.49045449227398946
3.6380895287246258
0.5151273327905492
3.634678095652984
0.5413938649300157
3.641979696146289
0.5855510728122069
3.6412187072222135
0.6364561492027732
3.6418035048013064
0.6874846346839099
3.641675650236459
0.7306752957817874
3.6332561534504837
0.775015622370771
3.63019200485491
0.8270907177316996
3.632016689685595
0.8947113822219828
3.6159529631944984
0.9039100985091545
3.427823226879888
0.9754132980732193
3.4154462699824806
1.0401374582366083
3.400477911599765
1.0837815864637883
3.3983681152751664
1.1198792021326345
3.3919101938872376
1.1272066807168843
3.3947508602316394
1.121760311358437
3.397607731216856
1.0786200422907668
3.4021081471952987
0.9142423768590731
3.419906520107605
0.874065530937962
3.4324588620206673
0.8814916220178385
3.615081353695809
0.8578644957740663
3.624871417913048
0.8253144383428315
3.624216485611721
0.7756419863779074
3.6331259090823878
0.6461747698425772
3.6248560786525816
0.4785002555978189
3.642706917608167
0.4230666386154793
3.6515738372249706
0.3858816551102535
3.655690388649546
0.34133102388343756
3.6480665267675145
0.29831727307954253
3.6558488314824507
0.1340359106319336
1.97245110639514
0.0898849111957502
1.8257887385860856
0.05276277277508515
1.8292392535912971
0.02747805016345011
1.7997902058567383
-0.037287606578005866
1.8316205112665704
-0.14244496380780142
3.49710014616193
-0.2590400989038278
3.464328804852795
-0.2946229493996351
3.4654986365967453
-0.3695767583877487
3.4452340159781514
-0.4383540074492033
3.4270789656735468
-0.4787369673825653
3.4196520861424977
-0.5240314404253619
3.405922449646933
-0.5350724727557722
3.3637081859575026
-0.5464806971152677
3.3618736084301117
-0.542523879568553
3.3736563574418312
-0.5301154212890302
3.407004743823778
-0.4972818024457405
3.425088549411286
-0.44997777229895286
3.4255721386719786
-0.40927281628362533
3.4306734374842667
-0.3928304774056271
3.441653690237077
-0.37531183556396436
3.44360812718097
-0.36851015978721025
3.4352910699011296
-0.36872348967920454
3.4372797539399476
-0.36872348967920454
3.4372797539399476
-0.3862100136077787
3.4353589250725687
-0.4097466709298278
3.4346454592831166
-0.42487257210333235
3.413661332228354
-0.43279062157608694
3.4298019471337495
-0.42697222808810875
3.430531130179138
-0.43203946106779095
3.4238491107146487
-0.4132893588602457
3.4150830589503456
-0.3843108077271451
3.4184653862136547
-0.3545816125241897
3.414639290242692
-0.334591073558559
3.4498123671886924
-0.07110759235275835
0.8199223945417877
-0.0655428515235091
0.8203859807282864
-0.06103326416270887
0.7806176584718112
-0.05659511722164776
0.7568870442632372
-0.056222290719675105
0.7519009683797659
-0.05367116027871174
0.7520873744310127
-0.05238988543398475
0.7341330274615949
-0.053101703849328094
0.7441076514549495
-0.05402706948638341
0.75707468642769
-0.05531117292565852
0.7569819543532458
-0.058384685320005014
0.7808202203916419
-0.06641887811614715
0.831351019914713
-0.07862443477356065
0.9065970692584101
-0.3235378416392896
3.457897136915285
-0.3462925580556465
3.4486574227586586
-0.358403196667057
3.451441343435207
-0.3701100704028762
3.450205607545929
-0.3700034181717373
3.4492113840557868
-0.36904347180233776
3.4402626614689074
-0.3639422356292379
3.447844993909589
-0.35809333583111047
3.448457367539226
-0.3467921021461598
3.453632281142612
-0.334591073558559
3.4498123671886924
-0.32316521431812845
3.4539145828484994
-0.31144602811070754
3.4549910380394433
-0.30576125014955824
3.457506435766715
-0.2936911413637188
3.4545382566106717
-0.2883291138492492
3.4610107868318534
-0.28245799047105663
3.4614948834396086
-0.28335261030542014
3.4724583614920737
-0.28286462879921925
3.4664781961439077
-0.2834339340929512
3.4734549765071816
-0.2834339340929512
3.4734549765071816
-0.2834339340929512
3.4734549765071816
-0.28286462879921925
3.4664781961439077
-0.27658605439462713
3.4619690205104305
-0.28245799047105663
3.4614948834396086
-0.2760285842211805
3.4549912845050663
-0.2767453207370955
3.4639625235626443
-0.28262063804611876
3.4634881134698245
-0.2821326759304251
3.4575081857504175
-0.28465388785845347
3.4884053898775966
-0.28245799047105663
3.4614948834396086
-0.28245799047105663
3.4614948834396086
-0.2823766472930183
3.4604980307957414
-0.28286462879921925
3.4664781961439077
-0.27610821739241465
3.455988036031173
-0.28197000896485575
3.4555147180914423
-0.27650640223598927
3.4609720313230157
-0.27079126484071964
3.463430081849331
-0.27079126484071964
3.463430081849331
-0.271258955964094
3.469411868250977
-0.2645347885235517
3.4588991091125516
-0.2641534958808083
3.4539135539435795
-0.2641534958808083
3.4539135539435795
-0.26445851908638274
3.4579018554441445
-0.2645347885235517
3.4588991091125516
-0.27626750272228673
3.457981776744695
-0.28286462879921925
3.4664781961439077
-0.3002416433689697
3.462005097163125
-0.3177634115113732
3.459436696237923
-0.3399511773423766
3.4442639212719346
-0.3628925041964545
3.4379002529283342
-0.39215005033942
3.4356923546023914
-0.4084436130166982
3.4237227544461075
-0.4200561641146825
3.4223174170896877
-0.42647819658232927
3.426561807707148
-0.431663880813643
3.420872692505098
-0.437339018451241
3.4191437183935056
-0.443138081230007
3.418396967154846
-0.4491963292959914
3.419623201760654
-0.44352375675388234
3.421372094089236
-0.4494568206474912
3.4216062595270493
-0.4494568206474912
3.4216062595270493
-0.4485451474945488
3.4146659119264573
-0.44997777229895286
3.4255721386719786
-0.4445522043838683
3.4293056082874815
-0.4445522043838683
3.4293056082874815
-0.43632399920385995
3.4112082346216215
-0.43366696555302287
3.43674684410843
-0.42090894264390033
3.429265247077169
-0.40927281628362533
3.4306734374842667
-0.40062429245109243
3.4578694024626135
-0.3930572954402139
3.443640881075485
-0.38721548494542274
3.4443026469129565
-0.38643346056137995
3.4373464977902306
-0.38609830344883195
3.434365257176768
-0.38721548494542274
3.4443026469129565
-0.38721548494542274
3.4443026469129565
-0.39271708190711035
3.440660213258142
-0.39249026387252356
3.438673022419734
-0.3986677865535276
3.4409824038297163
-0.3928304774056271
3.441653690237077
-0.39249026387252356
3.438673022419734
-0.3987828670653488
3.4419756870333176
-0.3962509311693571
3.420122035548079
-0.3962509311693571
3.420122035548079
-0.3979772486039586
3.4350222309394383
-0.3967112806559628
3.424095405196819
-0.40251880113695815
3.4234175612713282
-0.4052045954862982
3.4462602099017103
-0.41033894687365374
3.439610131421851
-0.41081277327723814
3.4435819164808152
-0.41081277327723814
3.4435819164808152
-0.4148512095304593
3.4279889072382526
-0.4207871254384664
3.4282727675483033
-0.42647819658232927
3.426561807707148
-0.43810027532442214
3.425095272099458
-0.4417239580761457
3.40748832602221
-0.4490660991460105
3.418631791071387
-0.45631543048725964
3.428769165926956
-0.4679448259444529
3.4272013954805782
-0.4714291020971323
3.409562728225901
-0.47790509890999705
3.413709990688355
-0.4607947382446743
3.418079635333092
-0.46012674269756976
3.4131245831448895
-0.46012674269756976
3.4131245831448895
-0.45959233988922615
3.409160494138096
-0.45578772104576604
3.4248039398121395
-0.4555238977774832
3.422821563089581
-0.44198105465838095
3.4094715863516756
-0.43041195658255904
3.410951377320867
-0.4221272018350101
3.439190752293958
-0.39694144167960516
3.426081971604021
-0.3757452154773819
3.4475845288037936
-0.3480909501304871
3.4665672450567526
-0.3233515168734065
3.4559057411910037
-0.2950465113592171
3.4704807786750758
-0.26560237883357923
3.4728582832267065
-0.2233183685831848
3.4598002773506398
-0.0725608225571079
1.1867838691084611
-0.0665206916807742
1.1871377437031156
-0.06129268464196417
1.2034401980303642
-0.055946241572729954
1.2207186510601966
-0.050099926525720505
1.2299800266171539
-0.04330607132855288
1.2152285748340987
-0.03580948710080035
1.241483644822524
-0.027407351721266897
1.2426978365388455
-0.016866911871944654
1.2428855873130897
-0.00848114426087354
1.2499712277456734
-0.002157618543853118
1.2719981252554151
0.0022068096088132
1.3009981274044518
0.0044136128681148325
1.3009925124842148
0.008976442775119775
1.3229695016707073
0.011237468050495211
1.3249523937386065
0.013637549515062233
1.3399306350322304
0.01591037524764571
1.3399055748126922
0.01829171157008099
1.3478759390186283
0.020623803009877786
1.3508425249936367
0.022745511996745887
1.3408070468251843
0.025019811232114456
1.3407665360449506
0.025355647758836863
1.3587634094998953
0.025467594009129867
1.3647624070477231
0.025952691461524076
1.3907579041702587
0.02359359347316917
1.390799925421759
0.021371816995994466
1.3998368400213963
0.021249692077873437
1.3918377560173336
